71.965 -1942.57 380.008 -1634.69;
443.989 2491.32 302.571 685.36;
816.004 -1212.4 2428.11 -1865.62;
947.973 -594.088 921.505 1079.42;
1020.01 -2902.94 2535.37 2114.47;
1128.01 160.981 2544 -1498.74;
1296 1420.48 1031.88 -840.347;
1428.02 1920.88 1522.23 -195.175;
1523.97 -2442.85 2884.7 2204.81;
1692.03 2535.43 289.212 1725.85;
1860 1565.17 290.044 2886.65;
1968.04 173.309 937.03 2659.33;
2136.03 -604.201 634.696 -284.101;
2268.05 1108.06 2730.68 2203.18;
2532.05 466.07 2764.65 -1669.65;
2604.05 1411.87 552.076 1000.24;
2797.34 -2386.6 1439.33 -1378.08;
3006.2 1646.59 852.868 -2539.48;
3066.01 -2395.89 977.134 2216.64;
3174.07 1498.31 1196.33 -799.222;
3234.03 -236.09 1414.92 -1245.41;
3372.07 -1192.99 378.24 1496.66;
3540.08 -1267.49 2425.85 902.944;
3636.09 1271.44 1215.8 -1839.04;
3744.09 1302.55 1380.2 246.838;
3840.09 -335.416 709.079 918.52;
3972.09 2274.08 2959.93 127.565;
4140.11 1098.59 2358.56 -682.208;
4212.11 2820.25 2876.26 -2468.83;
4272.06 2397.13 119.151 -485.137;
4380.11 736.748 220.914 -231.067;
4440.06 -2572.07 2887.65 -149.017;
4548.12 2501.11 309.731 2405.38;
4608.12 -2971.64 564.744 -1276.86;
4680.13 -2781.02 2165.47 -896.969;
4812.12 1051.53 2873.13 744.358;
4920.13 -1253.66 558.086 1378.21;
4980.11 -2110.62 2776.14 1054.17;
5052.08 -2068.79 2485.86 -1662.13;
5148.13 274.707 1383.75 2140.95;
5280.11 767.279 1101.36 692.946;
5352.14 -213.643 2364.69 -1940.06;
5556.21 -1907.98 730.583 -2852.55;
5688.15 2064.68 706.305 -496.958;
5892.27 2284.35 1920.3 -1401.48;
5952.16 2909.88 2396.12 -662;
6084.17 1441.05 2592.58 202.27;
6192.17 -1604.61 1791.34 -2952.72;
6328.04 341.446 874.294 -1512.23;
6420.15 1329.24 2180.54 -1164.08;
6528.19 2156.65 968.084 -710.385;
6696.19 2441.79 342.598 -2999.72;
6792.19 -126.785 2139.6 523.182;
6960.17 -2517.7 1404.55 979.509;
7092.18 -530.693 1797.87 -310.066;
7189.52 -902.625 2192.03 1965.69;
7500.21 -2759.48 2775.96 408.456;
7560.19 -318.744 1124.92 349.186;
7632.22 -1675.93 19.2768 -2736.65;
7764.19 -1221.77 507.53 -2779.09;
7896.23 -2986.74 2294.77 222.181;
7968.18 -243.812 2075.24 1612.83;
8064.18 199.516 1317.62 1306.67;
8136.23 -328.592 1943.02 -2818.06;
8232.23 -2667.54 102.92 1647.96;
8352.16 2692.25 2619.29 -1470.56;
8532.24 -12.9192 1316.77 -1428.7;
8628.46 -1826.77 1020.08 225.959;
8736.25 193.31 2980.58 -2645.02;
8796.2 114.287 1839.76 1334.26;
9000.26 8.87866 327.261 -2256.18;
9204.27 742.208 1810.23 -893.461;
9265.12 1517.61 1683.18 -2385.34;
9408.28 1479.81 1412.02 -1730.37;
9600.28 1143.01 828.36 1757.97;
9733.68 1955.37 774.771 -69.3;
9804.29 753.578 1129.89 782.107;
9936.29 -1092.46 2676.95 1373.42;
10069.6 2063.36 680.434 1891.76;
10308.3 1577.23 367.467 -97.5459;
10416.3 1464.34 802.702 -1039.92;
10512.3 2066.89 1866.64 -677.935;
10812.3 1081.02 692.032 1926.77;
10944.3 -997.009 1313.82 2283.58;
11052.3 -62.416 2488.71 2497.5;
11148.3 -178.051 861.543 1993.35;
11280.3 -1221.36 2724.33 -1484.79;
11377.7 -2004.71 2930.39 -267.35;
11580.4 2982.31 2245.65 -866.952;
11856.3 -2816.2 1589.26 -1663.62;
11928.4 2458.11 2658.09 -1444.58;
12168.3 -2707.57 360.728 -1696.2;
12276.3 2073.16 2470.98 2370.06;
12444.4 -578.756 338.964 -596.783;
12576.4 -1244.67 1385.12 -1170.43;
12780.3 1638.09 302.128 475.053;
12870.3 1573.03 2072.19 -1867.88;
13068.4 302.963 2732.18 -2275;
13260.3 -1017.38 1454.76 -492.317;
13326.4 -2117.63 2549.08 1537.58;
13458.4 -695.752 1770.04 1658.24;
13554.4 1275.13 2823.93 -2979.25;
13758.4 2480.13 190.178 406.901;
13920.5 111.574 2039.37 -2068.27;
13994.2 -1566.76 474.947 395.752;
14125.7 -1513.89 1629.49 -2205.6;
14328.4 689.81 1822.28 2707.6;
14430.5 1937.29 444.707 1695.79;
14538.4 -1827.98 881.972 -2847.87;
14598.4 -2555.65 331.281 2748.13;
14706.6 1081.08 2246.3 2766.08;
14766.4 -1867.49 618.141 2795.29;
14970.5 2370.75 1936.36 -2347.29;
